1750
1800
2098
2178
2186
2488
2969
3197
3453
3499
3545
3570
4127
4281
4447
4457
4904
4962
4977
5272
5513
5981
6176
6201
6207
6281
6845
6951
6955
7084
7431
7536
7789
8146
8177
8670
8818
8858
8947
9092
9326
9389
9984
10048
10329
10456
10795
11544
12040
12659
12927
13156
14177
14272
14693
14707
14846
14930
15615
15847
16040
16058
16160
16732
16918
17843
18230
18255
18349
18926
19584
19617
19745
19871
20212
20286
20520
21076
21175
21344
21535
21665
22356
22444
23111
23194
23197
23217
23795
24741
25232
25445
25475
25743
25895
26058
26172
26324
26780
27419
27904
27996
28412
28823
29002
29534
29644
29905
29989
30305
30625
30697
31107
31462
31791
32604
33002
33185
33213
33488
33533
33992
34067
34088
34563
34782
34903
35527
36029
36104
36146
36270
36840
36966
37472
37785
37808
38725
38777
39020
39092
39263
39311
39368
39899
39911
40211
40533
40545
40570
40704
40729
40987
41719
42582
42682
42888
43196
45012
45876
45919
46080
46195
46250
46765
47307
48287
48465
49071
49196
49600
49754
49826
49938
50471
50493
50725
50863
51143
51253
51434
51644
52827
52988
54187
54381
55067
55135
55242
55529
55785
56047
56679
56701
56868
56873
56978
57131
57515
58361
58492
59255
59440
59478
59527
59558
60086
60519
60667
60714
61004
61398
61986
62709
62996
63276
63296
63330
63754
63908
64040
64803
64996
65172
65270
65312
65596
65759
65770
65984
66004
66382
66418
66570
66740
66756
67215
67347
67716
67887
68505
69422
69488
69633
69733
69891
70145
70318
70858
71557
71691
71829
72162
72205
72331
72333
72444
72573
72741
72903
72971
73124
73309
73756
74046
74208
74260
74303
75252
75288
75340
75362
75677
76267
76282
76334
76605
77360
77476
77543
78003
78128
78239
78749
78814
78890
79282
79661
79879
80035
80172
80420
80424
80661
81362
82020
82811
83350
84246
84748
84839
85535
85961
86115
86312
87050
87347
87802
88121
88205
88941
89089
89140
89439
89800
90168
90498
90896
91419
91440
91576
91767
92122
92230
92380
93314
93389
93410
93556
93676
93751
94049
95029
95552
95574
95953
96021
96536
96869
96943
97134
97210
97216
97476
97745
98338
98362
98677
99302
99780
100378
100517
100591
100726
100885
101199
101295
101382
101538
101594
101778
101829
101984
102037
102212
102729
102752
103145
103379
104169
104889
104894
104918
105016
105132
105319
105418
105634
105770
106040
106532
106535
106640
107263
107687
108312
108385
108516
108985
109177
109198
109380
109563
110471
110621
200406
202058
202947
203596
215466
216228
217346
230557
275053
277135
277509
277948
278166
310142
310158
310354
310522
310764
311094
312257
313143
313616
313927
314203
314227
314489
314808
315189
315213
315293
315374
315545
315709
315852
315858
315958
316253
316709
317788
318154
318300
318833
319201
320017
320193
320335
320340
350698
350852
350868
350894
351569
351817
351834
352541
352825
352915
352955
353184
354190
354647
354707
354950
354963
355379
355811
356037
356171
356309
356590
357173
357294
357301
700564
700565
700764
700841
700923
701288
701347
701374
701719
701985
702165
703351
703604
704172
704532
704562
705432
706129
706698
706863
707179
707549
707605
708781
708818
708821
708955
709337
711377
711404
711669
712034
712515
712534
712537
712770
712771
713425
713676
714256
714310
714395
714562
714712
715072
715579
715787
715957
716314
716605
716634
716643
717538
717605
717720
717806
718413
718937
719135
719220
719402
719413
719494
719733
719955
720005
720154
720500
720858
721371
721994
722313
722572
723125
723188
723254
723531
723603
723612
723646
724004
726728
726854
726958
727207
727273
728385
728387
728535
729986
730263
730272
730464
730708
731012
731653
731766
731802
732026
732417
732712
732717
733269
733590
736772
737468
737758
737875
738214
739421
740260
740663
740664
740806
740971
741516
742278
743238
743367
744187
744218
744825
745308
745543
745732
746515
746598
746838
747540
749251
749660
750004
750558
750574
750577
750686
751364
751365
752642
752714
753308
755001
760498
763532
763563
763744
763901
763907
764038
764065
764180
764401
764478
764622
764897
765207
765880
766421
766704
766792
766829
767405
768216
768835
768899
769397
769520
770460
771266
771497
771856
771999
772406
773141
773717
773840
775158
776867
776901
779152
779544
780571
783324
783325
783412
784199
784539
784977
785161
785557
785786
785956
787253
788329
788784
788920
788965
789019
789460
789570
789933
790051
790359
790526
790816
791908
791963
792966
792987
793074
793306
793524
793733
793952
794170
794367
794619
795266
795403
796343
796505
796534
797465
797468
797721
798081
798287
798354
798359
798528
798783
798941
798949
799165
799167
799233
799292
799850
800240
800457
801337
802481
803164
803578
803649
804328
805676
805928
806172
806279
806517
807863
807882
808326
809248
810136
810958
811532
811589
811596
811641
811808
812011
812074
813298
813672
814453
814547
814549
814585
814586
814676
815097
815556
816761
816956
817720
818033
818479
818677
819793
820027
820313
820318
821002
821026
821189
821483
822416
822663
822818
823768
824142
824410
825313
825542
826154
826675
827052
827054
827187
827876
828944
829224
829323
830524
830616
831001
831259
831641
832101
832428
832480
832988
833079
833444
833640
834365
835011
835324
835662
836147
836157
836690
837465
837852
838875
839087
839470
840489
840715
842023
842162
842183
842517
842518
842633
843006
844059
844965
845819
845877
846475
846617
846901
846913
849145
849146
849399
849869
850141
850209
850261
850429
850460
851205
851310
851520
851968
852772
853816
854560
854775
854800
855654
855658
855683
856982
857005
857949
858470
858655
858877
859070
859737
860413
860730
860731
860748
861459
861842
861878
861884
862651
862692
862831
863436
863894
864240
864749
865752
866273
866374
866439
866706
866787
866829
867773
867840
868278
868671
868780
868857
871763
872912
873303
873860
874015
874238
874396
874499
874501
874716
874761
874766
874866
875045
875320
875357
875582
875657
875729
876167
876343
876378
876427
876437
877212
877860
878927
879101
879169
879407
879526
879585
879635
880242
880266
880417
880631
880641
880807
882095
882184
882508
882796
882835
883107
883237
883241
883569
883948
883975
883984
884144
884219
884269
884614
884624
884713
884887
885245
885307
885462
885508
885550
885590
885639
885725
885978
886128
886136
886163
886206
886346
886744
886982
887343
887359
887596
887905
887936
888491
889331
889348
889609
889900
889971
890066
890447
890564
890926
891014
891024
891166
891482
891532
892553
893538
893691
893847
893949
894081
894315
894405
894627
894671
894871
895126
895417
895419
895421
895447
895456
895464
895665
896156
896159
896262
896264
896622
896841
896878
897077
897429
897723
898171
898173
898174
898293
898437
899051
899460
899629
899689
899715
899751
899923
900075
901491
902791
903129
903651
906107
906163
906345
906465
906553
906709
907242
907254
907471
907654
908255
908259
908311
908315
908937
909108
909494
909832
910073
910108
910329
910406
910521
910606
910612
910638
911147
911177
911216
912061
912093
912242
912463
912562
912593
912595
912603
912615
912728
912767
913142
913144
913241
913277
913341
913760
914122
914156
914208
914475
914712
915358
915389
915779
915840
915912
915913
916076
916365
916540
916789
916907
917225
917251
917273
917470
917491
917520
918251
918541
918646
918965
919012
919864
920112
920148
920371
920427
920522
920760
921082
921183
921557
921582
921738
921825
922247
922358
922621
922864
923120
923139
923796
924383
924717
924719
924805
924822
924901
925528
926282
926326
926617
927003
927066
927628
927653
928022
928054
928340
928465
928658
929008
930236
930420
931015
931584
932696
932781
933034
933036
933136
933972
933974
934549
935036
935419
935703
936340
936395
936468
936528
937556
939767
939930
940944
942126
943452
943535
943819
944148
944695
944745
944809
945114
945394
945764
945841
945983
946454
946563
946581
946644
946647
947484
947559
948320
948708
949039
949157
949858
949870
949961
1000045
1000228
1000230
1000623
1000694
1000697
1000753
1001082
1001115
1001233
1001250
1001316
1001385
1001614
1001838
1001902
1001907
1002047
1002590
1002638
1002910
1003078
1004434
1004702
1004989
1005210
1005229
1005284
1005286
1005731
1005757
1005817
1006045
1006281
1006655
1006830
1006837
1007587
1008586
1008654
1009829
1010086
1010470
1012019
1012100
1013237
1013272
1013462
1013488
1013706
1013857
1013871
1013880
1013934
1014473
1014739
1015328
1015739
1016281
1017303
1017480
1017491
1018164
1018399
1018724
1018840
1018963
1018979
1019849
1020214
1020569
1020710
1020859
1021162
1021635
1021860
1022079
1022408
1022652
1022671
1023313
1023459
1023731
1024478
1024795
1025378
1025835
1025996
1026214
1026655
1028918
1029142
1029199
1030469
1031203
1031296
1031623
1032033
1032208
1032220
1032975
1034054
1034670
1034760
1034842
1035002
1035092
1035201
1035267
1035443
1035976
1035983
1036044
1036262
1036848
1037038
1037540
1037646
1037676
1037868
1037976
1038074
1038277
1038357
1038773
1039065
1039280
1039399
1039684
1039828
1040130
1040161
1040470
1040829
1040896
1040971
1041024
1041061
1041368
1041514
1041657
1041803
1041859
1042046
1042074
1042187
1042729
1042776
1042893
1043000
1043186
1043219
1043277
1043337
1043509
1043604
1044777
1045450
1045609
1045810
1046025
1046050
1046257
1046311
1046568
1047127
1047335
1047340
1047862
1048268
1048286
1048477
1048695
1048911
1049502
1049521
1049606
1049782
1050377
1050441
1050446
1050606
1050743
1050797
1050825
1051343
1051470
1051514
1051627
1052752
1053352
1053369
1053507
1053584
1053706
1054721
1054905
1055160
1055726
1056285
1056288
1056358
1056696
1056903
1056943
1057060
1057083
1057352
1057379
1057706
1057877
1058090
1058290
1058307
1058811
1059142
1059262
1059556
1060391
1060736
1060822
1061027
1061164
1061219
1061630
1061983
1062231
1062822
1064728
1065059
1065088
1065280
1065696
1065837
1066194
1066605
1066684
1066764
1066923
1067294
1067701
1067837
1068851
1068875
1069157
1069183
1069202
1069258
1069308
1069530
1069533
1069878
1070081
1070296
1070412
1070423
1070494
1070750
1070985
1071255
1071739
1071840
1072379
1073748
1074828
1074902
1075415
1075531
1075706
1075736
1076930
1077183
1077428
1077688
1078075
1078207
1078271
1080014
1080340
1081745
1082038
1082324
1082554
1083220
1083301
1083446
1083490
1083522
1083743
1084048
1084554
1084765
1084869
1084961
1084991
1085869
1085913
1086222
1086600
1087294
1088034
1088413
1088856
1089063
1089872
1089907
1090009
1090012
1090396
1090425
1090872
1091748
1092699
1092796
1093557
1093672
1093691
1094285
1094831
1095073
1095315
1095565
1095651
1096275
1096343
1096752
1096938
1097149
1097864
1098146
1098151
1098880
1098972
1099219
1099590
1099800
1100682
1101215
1101239
1101302
1101396
1101433
1102112
1102238
1102993
1103982
1104485
1104506
1104657
1107421
1107843
1108109
1108134
1108205
1108426
1108524
1109116
1109242
1109354
1109357
1110803
1110805
1111335
1111711
1111928
1113169
1113313
1113809
1114483
1114925
1114927
1115055
1116132
1116463
1116942
1117171
1117297
1117480
1118417
1120193
1120370
1120914
1120970
1121484
1121788
1122904
1122976
1123360
1123494
1124105
1124140
1124198
1124804
1124941
1125345
1125376
1126115
1126234
1126328
1126741
1127371
1127703
1128361
1128928
1129155
1130144
1130310
1130464
1130713
1131312
1131554
1132651
1133062
1133311
1133416
1133421
1133470
1133869
1134115
1134765
1136352
1136869
1136893
1137547
1137774
1137789
1138118
1138639
1138723
1138978
1140102
1140536
1140859
1141103
1141197
1141240
1141688
1142750
1144215
1144519
1144980
1145197
1145255
1156039
1156041
1156388
1157075
1157408
1157601
1157647
1157762
1158114
1158324
1158420
1158449
1158463
1158780
1158895
1159036
1159167
1160308
1160791
1161728
1162194
1162461
1162896
1163165
1163302
1163370
1163389
1163609
1163739
1164727
1164863
1165002
1166003
1166388
1166928
1167419
1168455
1169445
1169561
1170010
1171486
1171759
1172052
1172222
1172358
1172631
1173420
1173489
1173514
1174850
1174922
1175151
1175454
1175535
1175680
1176309
1176334
1177394
1177609
1177648
1177702
1178670
1178879
1178970
1179929
1180262
1183765
1185348
1195734
1196298
1200375
1201792
1206264
1210708
1211583
1212545
1213037
1214816
1219601
1220754
1222333
1223389
1224133
1224608
1226616
1227654
1228454
1228627
1230058
1230245
1232524
1232582
1234006
1235468
1236275
1237831
1239819
1253986
1257640
1258602
1260221
1260990
1261654
1262039
1262104
1262823
1262976
1263364
1265131
1267238
1267602
1270073
1273441
1273685
1273813
1274494
1274792
1275014
1275101
1275187
1276187
1276520
1276531
1277902
1278021
1278027
1278680
1279704
1280058
1280263
1280452
1281761
1282224
1282631
1282637
1282648
1282977
1283140
1283699
1284812
1285550
1285819
1286043
1286613
1286681
1287213
1287865
1288403
1288855
1289308
1289340
1289419
1289460
1289490
1289848
1289945
1290476
1290900
1293282
1293971
1295401
1295810
1295947
1296445
1297341
1297937
1297989
1297996
1298675
1298946
1299130
1299709
1300514
1301787
1302028
1303942
1304161
1304421
1305168
1306830
1307579
1307748
1307954
1308208
1308547
1308606
1309057
1309082
1309108
1309402
1310630
1311673
1313275
1314052
1314102
1315257
1315399
1316517
1316835
1317945
1318008
1318484
1318568
1318605
1319161
1319947
1320414
1320461
1320695
1320854
1322439
1323468
1323885
1324404
1324424
1324948
1325670
1325702
1325964
1326160
1326190
1326200
1326205
1326380
1326801
1327068
1327567
1328237
1328581
1328598
1328792
1329606
1330568
1331520
1332174
1332349
1332551
1333274
1333493
1334036
1334933
1335258
1337013
1337068
1337298
1337619
1338749
1339605
1340122
1341318
1341439
1342423
1342936
1345126
1347178
1349436
1350593
1350653
1352010
1352952
1353283
1353538
1353613
1354327
1354866
1355096
1355839
1355848
1356090
1356576
1357615
1357971
1359841
1360214
1360565
1360604
1360901
1361538
1361658
1362004
1362190
1362468
1362705
1364250
1364479
1364742
1365135
1365388
1366868
1367859
1368265
1368458
1368514
1368622
1369568
1370450
1370946
1371489
1372020
1373715
1374310
1374328
1375205
1376139
1376227
1377149
1377630
1377789
1378140
1378950
1378992
1379041
1381668
1382230
1383057
1383058
1383062
1383082
1383084
1383312
1384101
1384195
1384905
1385157
1385280
1386301
1386570
1387467
1388320
1389050
1389170
1390478
1390777
1391127
1391135
1391933
1392380
1392694
1392972
1393052
1393311
1393612
1393883
1395942
1396009
1396033
1396814
1397016
1397047
1397187
1397911
1398659
1398805
1398987
1399520
1400810
1401257
1401521
1401564
1401667
1401708
1402057
1402436
1402829
1403256
1403475
1403568
1405495
1406666
1407623
1408075
1408100
1408198
1408534
1408710
1409171
1409375
1409493
1409970
1410636
1411342
1411685
1412100
1412486
1412665
1413119
1413329
1415404
1417398
1417663
1418121
1418135
1418819
1419275
1419806
1419951
1420800
1421461
1421517
1422142
1422143
1423221
1423689
1423902
1424929
1425205
1425287
1425292
1425627
1426506
1426800
1428205
1429260
1429764
1430723
1431567
1431959
1433270
1433607
1433660
1434316
1434524
1434588
1434621
1434868
1435508
1436126
1436425
1437071
1437226
1437283
1437578
1437925
1438231
1438533
1439222
1439288
1441236
1442145
1442236
1443669
1445815
1445831
1446159
1447028
1447051
1447380
1448431
1449488
1449792
1449794
1451505
1452857
1452936
1456189
1456772
1460602
1462418
1463101
1463972
1464343
1464423
1464790
1465128
1465470
1465740
1465885
1466085
1466258
1466593
1467760
1467858
1468174
1468328
1471265
1472787
1474098
1474735
1474903
1475922
1476045
1476150
1476204
1477246
1477294
1478242
1478454
1481028
1481792
1482554
1483510
1484769
1486159
1486957
1487718
1488039
1488139
1488917
1489096
1489393
1489874
1490161
1490906
1491419
1492298
1493225
1493594
1493761
1494904
1495231
1495240
1495320
1495932
1496443
1497645
1497649
1497770
1498067
1498547
1498710
1499785
1499961
1500217
1500305
1500375
1501585
1502377
1502557
1503707
1503802
1504008
1504678
1505512
1506307
1506929
1507605
1507957
1509261
1509589
1509991
1510295
1511337
1511737
1512499
1512922
1513761
1514281
1514705
1514743
1514991
1516551
1517175
1517228
1517302
1518461
1518621
1518715
1519401
1519751
1520006
1520697
1521332
1521951
1522767
1524358
1524472
1524741
1524931
1525221
1526113
1526119
1527166
1527590
1528129
1528356
1528396
1528849
1528985
1529377
1530249
1530721
1530950
1532383
1532961
1533030
1533924
1533998
1534504
1534701
1534992
1535929
1537054
1537435
1538263
1539838
1539850
1540684
1541119
1543418
1544227
1545654
1546296
1546417
1546853
1547459
1547546
1547903
1549346
1549966
1550695
1551152
1551182
1552033
1552275
1552800
1553404
1555280
1556266
1556593
1559053
1559865
1560385
1560672
1561680
1561894
1562151
1562401
1562463
1562528
1564618
1564902
1567514
1567683
1568385
1569187
1569994
1570585
1571123
1571283
1571776
1571949
1573516
1574540
1575515
1575828
1575858
1575965
1576018
1576263
1577445
1578732
1579157
1579298
1580670
1581068
1581091
1581990
1584207
1587732